0 0.897239 0.877384 0.109407 0.209809
0 0.873211 0.732970 0.128834 0.217984
0 0.827198 0.587875 0.128834 0.167575
0 0.697342 0.476158 0.157464 0.129428
0 0.581288 0.476158 0.152352 0.129428
0 0.221881 0.481608 0.139059 0.123978
0 0.135992 0.482970 0.124744 0.113079
0 0.073620 0.489101 0.106339 0.100817
0 0.034765 0.495232 0.067485 0.096730
0 0.457566 0.305858 0.088957 0.083106
0 0.458589 0.257493 0.074642 0.062670
0 0.459100 0.217984 0.065440 0.051771
1 0.784254 0.470708 0.128834 0.110354
1 0.458078 0.484332 0.141104 0.126703
1 0.324642 0.487057 0.133947 0.123978
1 0.344581 0.381471 0.110429 0.087193
1 0.455010 0.380109 0.108384 0.084469
