0 0.765849 0.323569 0.085890 0.096730
0 0.702454 0.305177 0.094070 0.084469
0 0.627812 0.287466 0.098160 0.081744
0 0.543967 0.273842 0.100204 0.068120
0 0.466769 0.264986 0.099182 0.066757
0 0.393149 0.252044 0.099182 0.057221
0 0.325665 0.247275 0.099182 0.055858
0 0.269939 0.242507 0.087935 0.057221
0 0.935072 0.495232 0.080777 0.096730
0 0.961145 0.577657 0.077710 0.119891
0 0.979039 0.686649 0.041922 0.128065
0 0.224949 0.245232 0.075665 0.054496
1 0.849693 0.410082 0.085890 0.081744
1 0.907975 0.429155 0.073620 0.079019
1 0.829755 0.346730 0.093047 0.088556
1 0.877301 0.363079 0.063395 0.074932
