0 0.830777 0.875341 0.135992 0.170300
0 0.817996 0.721390 0.141104 0.205722
0 0.791411 0.568120 0.126789 0.160763
0 0.864519 0.402589 0.088957 0.096730
0 0.917178 0.420981 0.083845 0.089918
0 0.956544 0.432561 0.076687 0.091281
0 0.647751 0.356948 0.111452 0.100817
0 0.551636 0.344687 0.111452 0.084469
0 0.470859 0.280654 0.095092 0.070845
0 0.479550 0.237738 0.085890 0.053134
0 0.493865 0.205041 0.075665 0.044959
0 0.498466 0.178474 0.072597 0.043597
1 0.451943 0.337875 0.102249 0.087193
1 0.735174 0.373297 0.102249 0.087193
1 0.760225 0.456403 0.111452 0.103542
1 0.810838 0.386921 0.096115 0.092643
1 0.832822 0.465259 0.113497 0.115804
