0 0.902863 0.875341 0.112474 0.213896
0 0.869632 0.726158 0.125767 0.204360
0 0.820041 0.587875 0.132924 0.167575
0 0.774540 0.470027 0.135992 0.122616
0 0.735174 0.380790 0.108384 0.088556
0 0.626789 0.317439 0.116564 0.081744
0 0.538855 0.311308 0.110429 0.069482
0 0.273517 0.330381 0.097137 0.074932
0 0.202454 0.341962 0.094070 0.070845
0 0.141616 0.356267 0.088957 0.074932
0 0.091513 0.369891 0.082822 0.074932
0 0.051125 0.379428 0.077710 0.072207
0 0.451431 0.226839 0.068507 0.044959
0 0.453476 0.194823 0.060327 0.046322
1 0.699898 0.317439 0.105317 0.073569
1 0.452965 0.324251 0.098160 0.076294
1 0.356339 0.331063 0.103272 0.084469
1 0.451943 0.264305 0.087935 0.049046
1 0.368098 0.271798 0.085890 0.064033
