0 0.503067 0.674387 0.177914 0.223433
0 0.757669 0.453678 0.122699 0.125341
0 0.842536 0.472071 0.110429 0.118529
0 0.905930 0.491826 0.098160 0.106267
0 0.956544 0.505450 0.074642 0.092643
0 0.565951 0.282016 0.086912 0.073569
0 0.572597 0.242507 0.073620 0.057221
0 0.575665 0.208447 0.067485 0.049046
1 0.527607 0.510218 0.159509 0.140327
1 0.668200 0.542234 0.125767 0.147139
1 0.664622 0.424387 0.110429 0.096730
1 0.546524 0.407357 0.125767 0.098093
1 0.558793 0.337193 0.099182 0.077657
1 0.656953 0.350817 0.095092 0.064033
