2 0.113811 0.349829 0.184143 0.249147
2 0.514706 0.321672 0.193095 0.254266
0 0.539642 0.647611 0.130435 0.134812
0 0.480818 0.727816 0.153453 0.168942
0 0.411125 0.819113 0.172634 0.208191
0 0.329923 0.904437 0.179028 0.191126
0 0.239770 0.949659 0.154731 0.100683
1 0.585678 0.582765 0.104859 0.107509
1 0.618286 0.528157 0.093350 0.097270
1 0.686061 0.569966 0.080563 0.092150
1 0.748721 0.612628 0.075448 0.109215
1 0.798593 0.647611 0.070332 0.107509
1 0.855499 0.687713 0.053708 0.105802
1 0.913043 0.726962 0.053708 0.109215
